label,seq,start_unix_ns,latency_ns,ok,error
T-optimistic-all-c1,1,1790446513753378345,45606658,1,
T-optimistic-all-c1,2,1790446513798992836,51444214,1,
T-optimistic-all-c1,3,1790446513850442699,55243633,1,
T-optimistic-all-c1,4,1790446513905692057,45986915,1,
T-optimistic-all-c1,5,1790446513951684535,51242024,1,
T-optimistic-all-c1,6,1790446514002932724,54568211,1,
T-optimistic-all-c1,7,1790446514057507481,53673693,1,
T-optimistic-all-c1,8,1790446514111186993,46247062,1,
T-optimistic-all-c1,9,1790446514157439512,42867798,1,
T-optimistic-all-c1,10,1790446514200312983,47527726,1,
T-optimistic-all-c1,11,1790446514247846204,55092117,1,
T-optimistic-all-c1,12,1790446514302944455,52815042,1,
T-optimistic-all-c1,13,1790446514355765455,54187030,1,
T-optimistic-all-c1,14,1790446514409959545,47988517,1,
T-optimistic-all-c1,15,1790446514457953547,51172097,1,
T-optimistic-all-c1,16,1790446514509131477,56865473,1,
T-optimistic-all-c1,17,1790446514566002806,45055844,1,
T-optimistic-all-c1,18,1790446514611064898,55895690,1,
T-optimistic-all-c1,19,1790446514666967912,48134171,1,
T-optimistic-all-c1,20,1790446514715107818,51323575,1,
T-optimistic-all-c1,21,1790446514766437053,48187661,1,
T-optimistic-all-c1,22,1790446514814631282,57574092,1,
T-optimistic-all-c1,23,1790446514872210965,48787642,1,
T-optimistic-all-c1,24,1790446514921004490,58005035,1,
T-optimistic-all-c1,25,1790446514979016076,52323134,1,
T-optimistic-all-c1,26,1790446515031343816,45953191,1,
T-optimistic-all-c1,27,1790446515077303609,48514877,1,
T-optimistic-all-c1,28,1790446515125823979,50771244,1,
T-optimistic-all-c1,29,1790446515176601168,43381204,1,
T-optimistic-all-c1,30,1790446515219987856,51098234,1,
T-optimistic-all-c1,31,1790446515271092215,51946597,1,
T-optimistic-all-c1,32,1790446515323044661,55851104,1,
T-optimistic-all-c1,33,1790446515378902489,60446936,1,
T-optimistic-all-c1,34,1790446515439355377,50893373,1,
T-optimistic-all-c1,35,1790446515490253669,41680001,1,
T-optimistic-all-c1,36,1790446515531939173,56225939,1,
T-optimistic-all-c1,37,1790446515588170664,50449543,1,
T-optimistic-all-c1,38,1790446515638627168,49874976,1,
T-optimistic-all-c1,39,1790446515688507858,49193908,1,
T-optimistic-all-c1,40,1790446515737707707,49234818,1,
T-optimistic-all-c1,41,1790446515786948748,44932026,1,
T-optimistic-all-c1,42,1790446515831886495,57982006,1,
T-optimistic-all-c1,43,1790446515889874468,49885063,1,
T-optimistic-all-c1,44,1790446515939765059,46571779,1,
T-optimistic-all-c1,45,1790446515986342148,57592779,1,
T-optimistic-all-c1,46,1790446516043940683,46934058,1,
T-optimistic-all-c1,47,1790446516090880722,52013501,1,
T-optimistic-all-c1,48,1790446516142899912,54290381,1,
T-optimistic-all-c1,49,1790446516197196266,48678922,1,
T-optimistic-all-c1,50,1790446516245880729,45664789,1,
T-optimistic-all-c1,51,1790446516291551283,55953930,1,
T-optimistic-all-c1,52,1790446516347518173,48462517,1,
T-optimistic-all-c1,53,1790446516395986493,54790777,1,
T-optimistic-all-c1,54,1790446516450782920,52264052,1,
T-optimistic-all-c1,55,1790446516503052673,54804403,1,
T-optimistic-all-c1,56,1790446516557862629,48223567,1,
T-optimistic-all-c1,57,1790446516606092619,47448192,1,
T-optimistic-all-c1,58,1790446516653547104,50992800,1,
T-optimistic-all-c1,59,1790446516704557663,47077047,1,
T-optimistic-all-c1,60,1790446516751648876,52606513,1,
T-optimistic-all-c1,61,1790446516804260922,51589300,1,
T-optimistic-all-c1,62,1790446516855858857,48109293,1,
T-optimistic-all-c1,63,1790446516903974175,46889728,1,
T-optimistic-all-c1,64,1790446516950870660,50325257,1,
T-optimistic-all-c1,65,1790446517001201813,49915265,1,
T-optimistic-all-c1,66,1790446517051122909,47834744,1,
T-optimistic-all-c1,67,1790446517098963683,52380960,1,
T-optimistic-all-c1,68,1790446517151350339,51007045,1,
T-optimistic-all-c1,69,1790446517202363172,52306896,1,
T-optimistic-all-c1,70,1790446517254676324,53179748,1,
T-optimistic-all-c1,71,1790446517307862091,47148284,1,
T-optimistic-all-c1,72,1790446517355015931,60787120,1,
T-optimistic-all-c1,73,1790446517415808573,48032371,1,
T-optimistic-all-c1,74,1790446517463846351,50096791,1,
T-optimistic-all-c1,75,1790446517513952665,53759024,1,
T-optimistic-all-c1,76,1790446517567717620,47196467,1,
T-optimistic-all-c1,77,1790446517614919710,45926183,1,
T-optimistic-all-c1,78,1790446517660851976,47530214,1,
T-optimistic-all-c1,79,1790446517708388444,48383216,1,
T-optimistic-all-c1,80,1790446517756777248,52490600,1,
T-optimistic-all-c1,81,1790446517809273737,57786692,1,
T-optimistic-all-c1,82,1790446517867066499,50240378,1,
T-optimistic-all-c1,83,1790446517917313224,46812366,1,
T-optimistic-all-c1,84,1790446517964144600,57558677,1,
T-optimistic-all-c1,85,1790446518021709262,45284370,1,
T-optimistic-all-c1,86,1790446518066999584,58932559,1,
T-optimistic-all-c1,87,1790446518125938493,49915953,1,
T-optimistic-all-c1,88,1790446518175860699,52797556,1,
T-optimistic-all-c1,89,1790446518228664098,50218071,1,
T-optimistic-all-c1,90,1790446518278888254,45069261,1,
T-optimistic-all-c1,91,1790446518323963154,56812124,1,
T-optimistic-all-c1,92,1790446518380780729,47080182,1,
T-optimistic-all-c1,93,1790446518427866563,46478722,1,
T-optimistic-all-c1,94,1790446518474351098,49796675,1,
T-optimistic-all-c1,95,1790446518524153405,54068405,1,
T-optimistic-all-c1,96,1790446518578227873,56796993,1,
T-optimistic-all-c1,97,1790446518635030566,49548146,1,
T-optimistic-all-c1,98,1790446518684584806,49489926,1,
T-optimistic-all-c1,99,1790446518734080150,48589563,1,
T-optimistic-all-c1,100,1790446518782675311,45842240,1,
T-optimistic-all-c1,101,1790446518828523281,49360977,1,
T-optimistic-all-c1,102,1790446518877890558,54477228,1,
T-optimistic-all-c1,103,1790446518932373712,48422439,1,
T-optimistic-all-c1,104,1790446518980802252,52162937,1,
T-optimistic-all-c1,105,1790446519032970925,51480154,1,
T-optimistic-all-c1,106,1790446519084458002,46438268,1,
T-optimistic-all-c1,107,1790446519130902032,51271613,1,
T-optimistic-all-c1,108,1790446519182179256,51886780,1,
T-optimistic-all-c1,109,1790446519234072127,47059222,1,
T-optimistic-all-c1,110,1790446519281137725,54249574,1,
T-optimistic-all-c1,111,1790446519335392402,43664850,1,
T-optimistic-all-c1,112,1790446519379063125,63176359,1,
T-optimistic-all-c1,113,1790446519442245603,48578609,1,
T-optimistic-all-c1,114,1790446519490830334,66236527,1,
T-optimistic-all-c1,115,1790446519557072520,45575165,1,
T-optimistic-all-c1,116,1790446519602654620,50162372,1,
T-optimistic-all-c1,117,1790446519652822488,51376956,1,
T-optimistic-all-c1,118,1790446519704205690,44003305,1,
T-optimistic-all-c1,119,1790446519748214668,53040083,1,
T-optimistic-all-c1,120,1790446519801260049,51289762,1,
T-optimistic-all-c1,121,1790446519852555616,51558583,1,
T-optimistic-all-c1,122,1790446519904120350,48580434,1,
T-optimistic-all-c1,123,1790446519952707120,50747304,1,
T-optimistic-all-c1,124,1790446520003460476,52595871,1,
T-optimistic-all-c1,125,1790446520056062345,58243179,1,
T-optimistic-all-c1,126,1790446520114311065,62641663,1,
T-optimistic-all-c1,127,1790446520176958492,51718539,1,
T-optimistic-all-c1,128,1790446520228682611,48925436,1,
T-optimistic-all-c1,129,1790446520277613758,52853747,1,
T-optimistic-all-c1,130,1790446520330473267,46461798,1,
T-optimistic-all-c1,131,1790446520376940421,56475364,1,
T-optimistic-all-c1,132,1790446520433422150,51240184,1,
T-optimistic-all-c1,133,1790446520484668099,50622496,1,
T-optimistic-all-c1,134,1790446520535296706,49669430,1,
T-optimistic-all-c1,135,1790446520584972067,53160751,1,
T-optimistic-all-c1,136,1790446520638137446,53126921,1,
T-optimistic-all-c1,137,1790446520691270525,48200251,1,
T-optimistic-all-c1,138,1790446520739476702,52941178,1,
T-optimistic-all-c1,139,1790446520792423677,49941029,1,
T-optimistic-all-c1,140,1790446520842370666,55874231,1,
T-optimistic-all-c1,141,1790446520898250633,51372091,1,
T-optimistic-all-c1,142,1790446520949629504,50816893,1,
T-optimistic-all-c1,143,1790446521000452635,48114503,1,
T-optimistic-all-c1,144,1790446521048572757,53736013,1,
T-optimistic-all-c1,145,1790446521102315237,49917490,1,
T-optimistic-all-c1,146,1790446521152238834,54147461,1,
T-optimistic-all-c1,147,1790446521206392095,51594923,1,
T-optimistic-all-c1,148,1790446521258018378,49838771,1,
T-optimistic-all-c1,149,1790446521307863175,52196614,1,
T-optimistic-all-c1,150,1790446521360066475,53800123,1,
T-optimistic-all-c1,151,1790446521413874090,48081988,1,
T-optimistic-all-c1,152,1790446521461962767,57210285,1,
T-optimistic-all-c1,153,1790446521519179255,54935158,1,
T-optimistic-all-c1,154,1790446521574120658,53811572,1,
T-optimistic-all-c1,155,1790446521627938637,46044344,1,
T-optimistic-all-c1,156,1790446521673988905,56586175,1,
T-optimistic-all-c1,157,1790446521730580105,49424057,1,
T-optimistic-all-c1,158,1790446521780010392,53849176,1,
T-optimistic-all-c1,159,1790446521833865769,54291012,1,
T-optimistic-all-c1,160,1790446521888162537,54180931,1,
T-optimistic-all-c1,161,1790446521942350557,47002442,1,
T-optimistic-all-c1,162,1790446521989360635,55707539,1,
T-optimistic-all-c1,163,1790446522045076109,64788897,1,
T-optimistic-all-c1,164,1790446522109871676,58192564,1,
T-optimistic-all-c1,165,1790446522168070815,48314878,1,
T-optimistic-all-c1,166,1790446522216391823,51562631,1,
T-optimistic-all-c1,167,1790446522267961140,52894492,1,
T-optimistic-all-c1,168,1790446522320861773,54030051,1,
T-optimistic-all-c1,169,1790446522374898151,50944782,1,
T-optimistic-all-c1,170,1790446522425848401,49089923,1,
T-optimistic-all-c1,171,1790446522474944515,50911770,1,
T-optimistic-all-c1,172,1790446522525862886,56589547,1,
T-optimistic-all-c1,173,1790446522582459308,45524612,1,
T-optimistic-all-c1,174,1790446522627990001,53011533,1,
T-optimistic-all-c1,175,1790446522681007906,53874660,1,
T-optimistic-all-c1,176,1790446522734888750,53058302,1,
T-optimistic-all-c1,177,1790446522787953318,52003943,1,
T-optimistic-all-c1,178,1790446522839964369,50451606,1,
T-optimistic-all-c1,179,1790446522890422169,47282908,1,
T-optimistic-all-c1,180,1790446522937711364,56869615,1,
T-optimistic-all-c1,181,1790446522994586714,49262601,1,
T-optimistic-all-c1,182,1790446523043855355,52302514,1,
T-optimistic-all-c1,183,1790446523096164451,48756198,1,
T-optimistic-all-c1,184,1790446523144926573,47225014,1,
T-optimistic-all-c1,185,1790446523192157363,51723475,1,
T-optimistic-all-c1,186,1790446523243887024,49048319,1,
T-optimistic-all-c1,187,1790446523292941215,53939163,1,
T-optimistic-all-c1,188,1790446523346886503,45680519,1,
T-optimistic-all-c1,189,1790446523392572735,55434942,1,
T-optimistic-all-c1,190,1790446523448013676,49862036,1,
T-optimistic-all-c1,191,1790446523497881813,57650484,1,
T-optimistic-all-c1,192,1790446523555540812,54313940,1,
T-optimistic-all-c1,193,1790446523609860777,51066832,1,
T-optimistic-all-c1,194,1790446523660932802,47697900,1,
T-optimistic-all-c1,195,1790446523708636394,53327222,1,
T-optimistic-all-c1,196,1790446523761970017,52687390,1,
T-optimistic-all-c1,197,1790446523814662842,49653562,1,
T-optimistic-all-c1,198,1790446523864322135,55864660,1,
T-optimistic-all-c1,199,1790446523920192838,51854704,1,
T-optimistic-all-c1,200,1790446523972052465,51836553,1,
T-optimistic-all-c1,201,1790446524023894770,53438910,1,
T-optimistic-all-c1,202,1790446524077338415,51833487,1,
T-optimistic-all-c1,203,1790446524129176964,49768191,1,
T-optimistic-all-c1,204,1790446524178951175,51484372,1,
T-optimistic-all-c1,205,1790446524230441445,51817915,1,
T-optimistic-all-c1,206,1790446524282265653,51480834,1,
T-optimistic-all-c1,207,1790446524333752339,50923862,1,
T-optimistic-all-c1,208,1790446524384681302,49605131,1,
T-optimistic-all-c1,209,1790446524434292240,50573442,1,
T-optimistic-all-c1,210,1790446524484871038,49260279,1,
T-optimistic-all-c1,211,1790446524534137396,48772230,1,
T-optimistic-all-c1,212,1790446524582915334,52430462,1,
T-optimistic-all-c1,213,1790446524635351831,50345484,1,
T-optimistic-all-c1,214,1790446524685703766,51746860,1,
T-optimistic-all-c1,215,1790446524737456418,50618455,1,
T-optimistic-all-c1,216,1790446524788080711,51909790,1,
T-optimistic-all-c1,217,1790446524839996390,45806745,1,
T-optimistic-all-c1,218,1790446524885808910,53948708,1,
T-optimistic-all-c1,219,1790446524939763819,48956383,1,
T-optimistic-all-c1,220,1790446524988726251,55337322,1,
T-optimistic-all-c1,221,1790446525044087028,44504006,1,
T-optimistic-all-c1,222,1790446525088596512,64745761,1,
T-optimistic-all-c1,223,1790446525153348206,47158849,1,
T-optimistic-all-c1,224,1790446525200512604,53351043,1,
T-optimistic-all-c1,225,1790446525253869009,50127158,1,
T-optimistic-all-c1,226,1790446525304014238,51555891,1,
T-optimistic-all-c1,227,1790446525355576057,46630982,1,
T-optimistic-all-c1,228,1790446525402212828,50802403,1,
T-optimistic-all-c1,229,1790446525453021190,52841779,1,
T-optimistic-all-c1,230,1790446525505868699,53035611,1,
T-optimistic-all-c1,231,1790446525558910014,54984409,1,
T-optimistic-all-c1,232,1790446525613900507,49025542,1,
T-optimistic-all-c1,233,1790446525662931074,51273745,1,
T-optimistic-all-c1,234,1790446525714210666,45590552,1,
T-optimistic-all-c1,235,1790446525759807120,50149743,1,
T-optimistic-all-c1,236,1790446525809962237,52466225,1,
T-optimistic-all-c1,237,1790446525862434123,50194178,1,
T-optimistic-all-c1,238,1790446525912634089,52324689,1,
T-optimistic-all-c1,239,1790446525964964686,49801815,1,
T-optimistic-all-c1,240,1790446526014772870,50405607,1,
T-optimistic-all-c1,241,1790446526065184054,54982341,1,
T-optimistic-all-c1,242,1790446526120172308,55863194,1,
T-optimistic-all-c1,243,1790446526176042052,48300580,1,
T-optimistic-all-c1,244,1790446526224348691,52336386,1,
T-optimistic-all-c1,245,1790446526276690673,50380406,1,
T-optimistic-all-c1,246,1790446526327077330,49520800,1,
T-optimistic-all-c1,247,1790446526376603930,54098337,1,
T-optimistic-all-c1,248,1790446526430708449,44227934,1,
T-optimistic-all-c1,249,1790446526474942197,50798090,1,
T-optimistic-all-c1,250,1790446526525745978,55194867,1,
T-optimistic-all-c1,251,1790446526580947132,48971117,1,
T-optimistic-all-c1,252,1790446526629924407,46341228,1,
T-optimistic-all-c1,253,1790446526676271695,51013726,1,
T-optimistic-all-c1,254,1790446526727291431,51735318,1,
T-optimistic-all-c1,255,1790446526779032927,51531721,1,
T-optimistic-all-c1,256,1790446526830570602,48713739,1,
T-optimistic-all-c1,257,1790446526879290741,48061022,1,
T-optimistic-all-c1,258,1790446526927357953,54650806,1,
T-optimistic-all-c1,259,1790446526982014633,50140864,1,
T-optimistic-all-c1,260,1790446527032161725,52620402,1,
T-optimistic-all-c1,261,1790446527084789845,52220295,1,
T-optimistic-all-c1,262,1790446527137029122,52995482,1,
T-optimistic-all-c1,263,1790446527190029969,52304075,1,
T-optimistic-all-c1,264,1790446527242351173,50611929,1,
T-optimistic-all-c1,265,1790446527292968920,52989644,1,
T-optimistic-all-c1,266,1790446527345964711,49416064,1,
T-optimistic-all-c1,267,1790446527395386323,55685001,1,
T-optimistic-all-c1,268,1790446527451077336,49447147,1,
T-optimistic-all-c1,269,1790446527500530360,55785194,1,
T-optimistic-all-c1,270,1790446527556322309,52098952,1,
T-optimistic-all-c1,271,1790446527608427552,51584154,1,
T-optimistic-all-c1,272,1790446527660017767,51945901,1,
T-optimistic-all-c1,273,1790446527711970572,48903637,1,
T-optimistic-all-c1,274,1790446527760880201,51273755,1,
T-optimistic-all-c1,275,1790446527812159917,52625933,1,
T-optimistic-all-c1,276,1790446527864792071,55444145,1,
T-optimistic-all-c1,277,1790446527920242357,50355698,1,
T-optimistic-all-c1,278,1790446527970604492,54414162,1,
T-optimistic-all-c1,279,1790446528025024682,49429262,1,
T-optimistic-all-c1,280,1790446528074460088,54020585,1,
T-optimistic-all-c1,281,1790446528128486830,55201253,1,
T-optimistic-all-c1,282,1790446528183694764,48307632,1,
T-optimistic-all-c1,283,1790446528232008318,50883026,1,
T-optimistic-all-c1,284,1790446528282897566,53613663,1,
T-optimistic-all-c1,285,1790446528336517287,53359835,1,
T-optimistic-all-c1,286,1790446528389882897,52072591,1,
T-optimistic-all-c1,287,1790446528441961623,49455542,1,
T-optimistic-all-c1,288,1790446528491422768,51572469,1,
T-optimistic-all-c1,289,1790446528543001821,50577351,1,
T-optimistic-all-c1,290,1790446528593585210,53857228,1,
T-optimistic-all-c1,291,1790446528647448348,50899300,1,
T-optimistic-all-c1,292,1790446528698353467,49001620,1,
T-optimistic-all-c1,293,1790446528747362118,52753788,1,
T-optimistic-all-c1,294,1790446528800144267,52436309,1,
T-optimistic-all-c1,295,1790446528852587706,52416897,1,
T-optimistic-all-c1,296,1790446528905011267,52940710,1,
T-optimistic-all-c1,297,1790446528957981663,48771897,1,
T-optimistic-all-c1,298,1790446529006759875,46645847,1,
T-optimistic-all-c1,299,1790446529053412097,52566630,1,
T-optimistic-all-c1,300,1790446529105984811,52119899,1,
T-optimistic-all-c1,301,1790446529158110827,51002432,1,
T-optimistic-all-c1,302,1790446529209132845,53784712,1,
T-optimistic-all-c1,303,1790446529262923501,51526742,1,
T-optimistic-all-c1,304,1790446529314458035,50949111,1,
T-optimistic-all-c1,305,1790446529365412914,54760756,1,
T-optimistic-all-c1,306,1790446529420179990,53631956,1,
T-optimistic-all-c1,307,1790446529473817788,50009942,1,
T-optimistic-all-c1,308,1790446529523834579,60274304,1,
T-optimistic-all-c1,309,1790446529584114993,49772661,1,
T-optimistic-all-c1,310,1790446529633893925,55211698,1,
T-optimistic-all-c1,311,1790446529689110306,51372232,1,
T-optimistic-all-c1,312,1790446529740488609,45883072,1,
T-optimistic-all-c1,313,1790446529786378335,55827063,1,
T-optimistic-all-c1,314,1790446529842211701,54146863,1,
T-optimistic-all-c1,315,1790446529896364625,52741067,1,
T-optimistic-all-c1,316,1790446529949111551,57821701,1,
T-optimistic-all-c1,317,1790446530006939565,54541524,1,
T-optimistic-all-c1,318,1790446530061486610,53448345,1,
T-optimistic-all-c1,319,1790446530114941472,61537153,1,
T-optimistic-all-c1,320,1790446530176484939,56412723,1,
T-optimistic-all-c1,321,1790446530232904009,48948507,1,
T-optimistic-all-c1,322,1790446530281858516,52606459,1,
T-optimistic-all-c1,323,1790446530334471098,48561118,1,
T-optimistic-all-c1,324,1790446530383038588,50905629,1,
T-optimistic-all-c1,325,1790446530433950046,50280759,1,
T-optimistic-all-c1,326,1790446530484236966,50996777,1,
T-optimistic-all-c1,327,1790446530535239563,56813794,1,
T-optimistic-all-c1,328,1790446530592059363,50762443,1,
T-optimistic-all-c1,329,1790446530642828076,47086524,1,
T-optimistic-all-c1,330,1790446530689921095,51006345,1,
T-optimistic-all-c1,331,1790446530740934441,48198468,1,
T-optimistic-all-c1,332,1790446530789139640,54872114,1,
T-optimistic-all-c1,333,1790446530844017824,55820936,1,
T-optimistic-all-c1,334,1790446530899843678,51489170,1,
T-optimistic-all-c1,335,1790446530951339715,51191118,1,
T-optimistic-all-c1,336,1790446531002537224,52557412,1,
T-optimistic-all-c1,337,1790446531055113080,49517333,1,
T-optimistic-all-c1,338,1790446531104636189,48073514,1,
T-optimistic-all-c1,339,1790446531152715924,53227495,1,
T-optimistic-all-c1,340,1790446531205949602,53192751,1,
T-optimistic-all-c1,341,1790446531259148748,48021515,1,
T-optimistic-all-c1,342,1790446531307176157,52788053,1,
T-optimistic-all-c1,343,1790446531359970273,52134407,1,
T-optimistic-all-c1,344,1790446531412111495,50766831,1,
T-optimistic-all-c1,345,1790446531462884183,50225675,1,
T-optimistic-all-c1,346,1790446531513115770,46817503,1,
T-optimistic-all-c1,347,1790446531559939515,58018109,1,
T-optimistic-all-c1,348,1790446531617963524,53130815,1,
T-optimistic-all-c1,349,1790446531671100302,48031180,1,
T-optimistic-all-c1,350,1790446531719137624,45050559,1,
T-optimistic-all-c1,351,1790446531764194154,54585617,1,
T-optimistic-all-c1,352,1790446531818786067,46083591,1,
T-optimistic-all-c1,353,1790446531864875378,57929472,1,
T-optimistic-all-c1,354,1790446531922810740,55664684,1,
T-optimistic-all-c1,355,1790446531978481339,51002999,1,
T-optimistic-all-c1,356,1790446532029490569,49817563,1,
T-optimistic-all-c1,357,1790446532079313963,52682530,1,
T-optimistic-all-c1,358,1790446532132002885,51726672,1,
T-optimistic-all-c1,359,1790446532183734708,51805303,1,
T-optimistic-all-c1,360,1790446532235545814,47803012,1,
T-optimistic-all-c1,361,1790446532283354872,51043503,1,
T-optimistic-all-c1,362,1790446532334403924,49606323,1,
T-optimistic-all-c1,363,1790446532384017829,58060903,1,
T-optimistic-all-c1,364,1790446532442084905,49904405,1,
T-optimistic-all-c1,365,1790446532491994948,53021351,1,
T-optimistic-all-c1,366,1790446532545022436,47881370,1,
T-optimistic-all-c1,367,1790446532592930523,51123364,1,
T-optimistic-all-c1,368,1790446532644059356,49904326,1,
T-optimistic-all-c1,369,1790446532693969546,48090321,1,
T-optimistic-all-c1,370,1790446532742065934,48910127,1,
T-optimistic-all-c1,371,1790446532790982132,55687427,1,
T-optimistic-all-c1,372,1790446532846675603,46350270,1,
T-optimistic-all-c1,373,1790446532893032381,52298567,1,
T-optimistic-all-c1,374,1790446532945336739,53561124,1,
T-optimistic-all-c1,375,1790446532998903938,51094117,1,
T-optimistic-all-c1,376,1790446533050005460,49264201,1,
T-optimistic-all-c1,377,1790446533099276160,51592141,1,
T-optimistic-all-c1,378,1790446533150874293,42421874,1,
T-optimistic-all-c1,379,1790446533193301950,54741519,1,
T-optimistic-all-c1,380,1790446533248050044,51782041,1,
T-optimistic-all-c1,381,1790446533299838495,45810688,1,
T-optimistic-all-c1,382,1790446533345654897,47815209,1,
T-optimistic-all-c1,383,1790446533393475944,62433130,1,
T-optimistic-all-c1,384,1790446533455915105,51544107,1,
T-optimistic-all-c1,385,1790446533507465140,55992155,1,
T-optimistic-all-c1,386,1790446533563463483,43545674,1,
T-optimistic-all-c1,387,1790446533607014406,31053524,1,
T-optimistic-all-c1,388,1790446533638073418,53321514,1,
T-optimistic-all-c1,389,1790446533691401319,54174645,1,
T-optimistic-all-c1,390,1790446533745580341,52513899,1,
T-optimistic-all-c1,391,1790446533798101377,50018580,1,
T-optimistic-all-c1,392,1790446533848127022,52508338,1,
T-optimistic-all-c1,393,1790446533900651511,55214443,1,
T-optimistic-all-c1,394,1790446533955871648,53286535,1,
T-optimistic-all-c1,395,1790446534009164373,51100086,1,
T-optimistic-all-c1,396,1790446534060270673,50856076,1,
T-optimistic-all-c1,397,1790446534111145549,50907989,1,
T-optimistic-all-c1,398,1790446534162059821,54834347,1,
T-optimistic-all-c1,399,1790446534216900325,51839880,1,
T-optimistic-all-c1,400,1790446534268746267,49486161,1,
T-optimistic-all-c1,401,1790446534318239396,48087526,1,
T-optimistic-all-c1,402,1790446534366333007,51573355,1,
T-optimistic-all-c1,403,1790446534417924840,51108592,1,
T-optimistic-all-c1,404,1790446534469039325,41918697,1,
T-optimistic-all-c1,405,1790446534510963867,60962138,1,
T-optimistic-all-c1,406,1790446534571931295,51583237,1,
T-optimistic-all-c1,407,1790446534623520965,44341351,1,
T-optimistic-all-c1,408,1790446534667867913,50622394,1,
T-optimistic-all-c1,409,1790446534718496419,50476359,1,
T-optimistic-all-c1,410,1790446534768978223,52404874,1,
T-optimistic-all-c1,411,1790446534821388081,42556232,1,
T-optimistic-all-c1,412,1790446534863949978,51703465,1,
T-optimistic-all-c1,413,1790446534915659172,52382315,1,
T-optimistic-all-c1,414,1790446534968047492,50741314,1,
T-optimistic-all-c1,415,1790446535018794402,53841616,1,
T-optimistic-all-c1,416,1790446535072680341,47134037,1,
T-optimistic-all-c1,417,1790446535119820327,51060532,1,
T-optimistic-all-c1,418,1790446535170886584,49050031,1,
T-optimistic-all-c1,419,1790446535219942912,47179793,1,
T-optimistic-all-c1,420,1790446535267128300,59725232,1,
T-optimistic-all-c1,421,1790446535326859313,48890200,1,
T-optimistic-all-c1,422,1790446535375757525,56002965,1,
T-optimistic-all-c1,423,1790446535431766173,52384827,1,
T-optimistic-all-c1,424,1790446535484156942,50208118,1,
T-optimistic-all-c1,425,1790446535534371052,51214924,1,
T-optimistic-all-c1,426,1790446535585591763,51345791,1,
T-optimistic-all-c1,427,1790446535636943315,52251031,1,
T-optimistic-all-c1,428,1790446535689200650,46649593,1,
T-optimistic-all-c1,429,1790446535735855905,47034928,1,
T-optimistic-all-c1,430,1790446535782896015,51844876,1,
T-optimistic-all-c1,431,1790446535834747480,42534111,1,
T-optimistic-all-c1,432,1790446535877287854,59798478,1,
T-optimistic-all-c1,433,1790446535937091723,50126094,1,
T-optimistic-all-c1,434,1790446535987223950,51750675,1,
T-optimistic-all-c1,435,1790446536038980639,58091474,1,
T-optimistic-all-c1,436,1790446536097078076,51956491,1,
T-optimistic-all-c1,437,1790446536149041388,48559871,1,
T-optimistic-all-c1,438,1790446536197606749,54334758,1,
T-optimistic-all-c1,439,1790446536251947300,53414902,1,
T-optimistic-all-c1,440,1790446536305386509,50505459,1,
T-optimistic-all-c1,441,1790446536355897347,51509786,1,
T-optimistic-all-c1,442,1790446536407412937,51575622,1,
T-optimistic-all-c1,443,1790446536458993756,48325622,1,
T-optimistic-all-c1,444,1790446536507325609,54676825,1,
T-optimistic-all-c1,445,1790446536562008071,46919521,1,
T-optimistic-all-c1,446,1790446536608933919,53051414,1,
T-optimistic-all-c1,447,1790446536661991739,51877491,1,
T-optimistic-all-c1,448,1790446536713875002,51735332,1,
T-optimistic-all-c1,449,1790446536765616018,44362975,1,
T-optimistic-all-c1,450,1790446536809984793,55877185,1,
T-optimistic-all-c1,451,1790446536865867871,45707795,1,
T-optimistic-all-c1,452,1790446536911581623,48913870,1,
T-optimistic-all-c1,453,1790446536960501037,55478144,1,
T-optimistic-all-c1,454,1790446537015984554,49013885,1,
T-optimistic-all-c1,455,1790446537065004121,47287634,1,
T-optimistic-all-c1,456,1790446537112297737,51779815,1,
T-optimistic-all-c1,457,1790446537164083155,51534875,1,
T-optimistic-all-c1,458,1790446537215623388,54450155,1,
T-optimistic-all-c1,459,1790446537270079101,47998824,1,
T-optimistic-all-c1,460,1790446537318084421,53015874,1,
T-optimistic-all-c1,461,1790446537371106300,57854788,1,
T-optimistic-all-c1,462,1790446537428967374,46987226,1,
T-optimistic-all-c1,463,1790446537475960874,49090273,1,
T-optimistic-all-c1,464,1790446537525056907,53856128,1,
T-optimistic-all-c1,465,1790446537578918895,49556990,1,
T-optimistic-all-c1,466,1790446537628482021,45466280,1,
T-optimistic-all-c1,467,1790446537673954275,51446002,1,
T-optimistic-all-c1,468,1790446537725407639,49514150,1,
T-optimistic-all-c1,469,1790446537774927711,51245449,1,
T-optimistic-all-c1,470,1790446537826179141,51886881,1,
T-optimistic-all-c1,471,1790446537878071977,52183870,1,
T-optimistic-all-c1,472,1790446537930261764,55178546,1,
T-optimistic-all-c1,473,1790446537985446356,48482484,1,
T-optimistic-all-c1,474,1790446538033934620,51959342,1,
T-optimistic-all-c1,475,1790446538085902572,53944594,1,
T-optimistic-all-c1,476,1790446538139852846,46782656,1,
T-optimistic-all-c1,477,1790446538186651434,56172018,1,
T-optimistic-all-c1,478,1790446538242829725,52366870,1,
T-optimistic-all-c1,479,1790446538295202334,49124799,1,
T-optimistic-all-c1,480,1790446538344333325,53612474,1,
T-optimistic-all-c1,481,1790446538397952448,55134077,1,
T-optimistic-all-c1,482,1790446538453092240,48149554,1,
T-optimistic-all-c1,483,1790446538501246960,46544576,1,
T-optimistic-all-c1,484,1790446538547797774,55210467,1,
T-optimistic-all-c1,485,1790446538603014099,52893452,1,
T-optimistic-all-c1,486,1790446538655913663,45957028,1,
T-optimistic-all-c1,487,1790446538701876162,52987138,1,
T-optimistic-all-c1,488,1790446538754869008,51267843,1,
T-optimistic-all-c1,489,1790446538806143405,49539708,1,
T-optimistic-all-c1,490,1790446538855688866,48376932,1,
T-optimistic-all-c1,491,1790446538904071629,47792391,1,
T-optimistic-all-c1,492,1790446538951869585,46232224,1,
T-optimistic-all-c1,493,1790446538998107079,55404654,1,
T-optimistic-all-c1,494,1790446539053517290,47857139,1,
T-optimistic-all-c1,495,1790446539101381158,47659962,1,
T-optimistic-all-c1,496,1790446539149047145,44433562,1,
T-optimistic-all-c1,497,1790446539193486096,55959779,1,
T-optimistic-all-c1,498,1790446539249452108,52565340,1,
T-optimistic-all-c1,499,1790446539302022713,50274520,1,
T-optimistic-all-c1,500,1790446539352303034,52658790,1,
T-optimistic-all-c1,501,1790446539404967874,44977998,1,
T-optimistic-all-c1,502,1790446539449951658,62182784,1,
T-optimistic-all-c1,503,1790446539512141063,54997041,1,
T-optimistic-all-c1,504,1790446539567143834,50255920,1,
T-optimistic-all-c1,505,1790446539617406186,53112016,1,
T-optimistic-all-c1,506,1790446539670523724,46436875,1,
T-optimistic-all-c1,507,1790446539716966606,46896137,1,
T-optimistic-all-c1,508,1790446539763868512,49600226,1,
T-optimistic-all-c1,509,1790446539813488354,57403002,1,
T-optimistic-all-c1,510,1790446539870897519,51585983,1,
T-optimistic-all-c1,511,1790446539922489490,56205790,1,
T-optimistic-all-c1,512,1790446539978701385,52403000,1,
T-optimistic-all-c1,513,1790446540031110491,56070225,1,
T-optimistic-all-c1,514,1790446540087209263,53712928,1,
T-optimistic-all-c1,515,1790446540140928582,55843572,1,
T-optimistic-all-c1,516,1790446540196781517,52769310,1,
T-optimistic-all-c1,517,1790446540249556740,52415937,1,
T-optimistic-all-c1,518,1790446540301991538,50166234,1,
T-optimistic-all-c1,519,1790446540352163357,52023778,1,
T-optimistic-all-c1,520,1790446540404193046,52949512,1,
T-optimistic-all-c1,521,1790446540457148377,50175087,1,
T-optimistic-all-c1,522,1790446540507330216,48548094,1,
T-optimistic-all-c1,523,1790446540555883824,53060849,1,
T-optimistic-all-c1,524,1790446540608950563,51810354,1,
T-optimistic-all-c1,525,1790446540660766609,50269533,1,
T-optimistic-all-c1,526,1790446540711042443,46622493,1,
T-optimistic-all-c1,527,1790446540757670433,55203690,1,
T-optimistic-all-c1,528,1790446540812880471,51987555,1,
T-optimistic-all-c1,529,1790446540864874539,55043511,1,
T-optimistic-all-c1,530,1790446540919923433,49873344,1,
T-optimistic-all-c1,531,1790446540969802787,54437256,1,
T-optimistic-all-c1,532,1790446541024245205,50239466,1,
T-optimistic-all-c1,533,1790446541074490277,56438722,1,
T-optimistic-all-c1,534,1790446541130933583,46174275,1,
T-optimistic-all-c1,535,1790446541177113984,55753321,1,
T-optimistic-all-c1,536,1790446541232875058,49731128,1,
T-optimistic-all-c1,537,1790446541282620903,47956946,1,
T-optimistic-all-c1,538,1790446541330584778,53649550,1,
T-optimistic-all-c1,539,1790446541384240556,49731020,1,
T-optimistic-all-c1,540,1790446541433977635,50871089,1,
T-optimistic-all-c1,541,1790446541484854764,51189507,1,
T-optimistic-all-c1,542,1790446541536050366,57027516,1,
T-optimistic-all-c1,543,1790446541593083609,52887299,1,
T-optimistic-all-c1,544,1790446541645977577,52910471,1,
T-optimistic-all-c1,545,1790446541698894088,76986044,1,
T-optimistic-all-c1,546,1790446541775885402,72386775,1,
T-optimistic-all-c1,547,1790446541848277145,64740210,1,
T-optimistic-all-c1,548,1790446541913023336,59607734,1,
T-optimistic-all-c1,549,1790446541972647070,57136741,1,
T-optimistic-all-c1,550,1790446542029788053,48296835,1,
T-optimistic-all-c1,551,1790446542078090624,55886299,1,
T-optimistic-all-c1,552,1790446542133982627,53976594,1,
T-optimistic-all-c1,553,1790446542187963744,52739859,1,
T-optimistic-all-c1,554,1790446542240709618,48421903,1,
T-optimistic-all-c1,555,1790446542289137803,52604518,1,
T-optimistic-all-c1,556,1790446542341748611,57521692,1,
T-optimistic-all-c1,557,1790446542399276049,52620158,1,
T-optimistic-all-c1,558,1790446542451901714,50178349,1,
T-optimistic-all-c1,559,1790446542502086148,44709435,1,
T-optimistic-all-c1,560,1790446542546803788,64052719,1,
T-optimistic-all-c1,561,1790446542610862399,48979548,1,
T-optimistic-all-c1,562,1790446542659848019,53348935,1,
T-optimistic-all-c1,563,1790446542713202726,51058868,1,
T-optimistic-all-c1,564,1790446542764267800,52196887,1,
T-optimistic-all-c1,565,1790446542816470077,51113677,1,
T-optimistic-all-c1,566,1790446542867589326,43277332,1,
T-optimistic-all-c1,567,1790446542910873034,52018448,1,
T-optimistic-all-c1,568,1790446542962897847,51842474,1,
T-optimistic-all-c1,569,1790446543014746107,49510890,1,
T-optimistic-all-c1,570,1790446543064262837,51111776,1,
T-optimistic-all-c1,571,1790446543115381954,52235630,1,
T-optimistic-all-c1,572,1790446543167623397,50553314,1,
T-optimistic-all-c1,573,1790446543218182993,52778335,1,
T-optimistic-all-c1,574,1790446543270965956,44146024,1,
T-optimistic-all-c1,575,1790446543315118879,59718148,1,
T-optimistic-all-c1,576,1790446543374841262,51512616,1,
T-optimistic-all-c1,577,1790446543426360204,52881552,1,
T-optimistic-all-c1,578,1790446543479246476,50903950,1,
T-optimistic-all-c1,579,1790446543530156484,53765319,1,
T-optimistic-all-c1,580,1790446543583927275,50575878,1,
T-optimistic-all-c1,581,1790446543634508940,47038052,1,
T-optimistic-all-c1,582,1790446543681552547,56132280,1,
T-optimistic-all-c1,583,1790446543737690488,52136845,1,
T-optimistic-all-c1,584,1790446543789834296,51324724,1,
T-optimistic-all-c1,585,1790446543841164956,53310077,1,
T-optimistic-all-c1,586,1790446543894482074,49399595,1,
T-optimistic-all-c1,587,1790446543943906151,50749031,1,
T-optimistic-all-c1,588,1790446543994661614,55307699,1,
T-optimistic-all-c1,589,1790446544049975336,51202582,1,
T-optimistic-all-c1,590,1790446544101183687,51156421,1,
T-optimistic-all-c1,591,1790446544152345989,51316599,1,
T-optimistic-all-c1,592,1790446544203669127,54221818,1,
T-optimistic-all-c1,593,1790446544257896747,46809274,1,
T-optimistic-all-c1,594,1790446544304712762,49152833,1,
T-optimistic-all-c1,595,1790446544353871554,48700864,1,
T-optimistic-all-c1,596,1790446544402578458,57934822,1,
T-optimistic-all-c1,597,1790446544460518778,51750925,1,
T-optimistic-all-c1,598,1790446544512275339,55048480,1,
T-optimistic-all-c1,599,1790446544567328932,51526892,1,
T-optimistic-all-c1,600,1790446544618862052,45752816,1,
T-optimistic-all-c1,601,1790446544664620816,50542420,1,
T-optimistic-all-c1,602,1790446544715169505,51796283,1,
T-optimistic-all-c1,603,1790446544766970339,54472612,1,
T-optimistic-all-c1,604,1790446544821450102,51509806,1,
T-optimistic-all-c1,605,1790446544872966178,52886599,1,
T-optimistic-all-c1,606,1790446544925858522,50680038,1,
T-optimistic-all-c1,607,1790446544976544233,53137838,1,
T-optimistic-all-c1,608,1790446545029686402,44363462,1,
T-optimistic-all-c1,609,1790446545074056026,56876938,1,
T-optimistic-all-c1,610,1790446545130938389,47823051,1,
T-optimistic-all-c1,611,1790446545178767305,51691592,1,
T-optimistic-all-c1,612,1790446545230465092,51337369,1,
T-optimistic-all-c1,613,1790446545281808301,51440314,1,
T-optimistic-all-c1,614,1790446545333254513,46918895,1,
T-optimistic-all-c1,615,1790446545380179059,50949592,1,
T-optimistic-all-c1,616,1790446545431133473,54430189,1,
T-optimistic-all-c1,617,1790446545485569107,51127499,1,
T-optimistic-all-c1,618,1790446545536701682,52344188,1,
T-optimistic-all-c1,619,1790446545589052549,46602854,1,
T-optimistic-all-c1,620,1790446545635661191,49289991,1,
T-optimistic-all-c1,621,1790446545684957191,44319778,1,
T-optimistic-all-c1,622,1790446545729282629,46696166,1,
T-optimistic-all-c1,623,1790446545775985132,59266414,1,
T-optimistic-all-c1,624,1790446545835256950,48835137,1,
T-optimistic-all-c1,625,1790446545884098565,53411378,1,
T-optimistic-all-c1,626,1790446545937515772,52222892,1,
T-optimistic-all-c1,627,1790446545989744805,52360556,1,
T-optimistic-all-c1,628,1790446546042110954,51185584,1,
T-optimistic-all-c1,629,1790446546093302941,43266320,1,
T-optimistic-all-c1,630,1790446546136574956,43190443,1,
T-optimistic-all-c1,631,1790446546179770793,51359639,1,
T-optimistic-all-c1,632,1790446546231137024,64897101,1,
T-optimistic-all-c1,633,1790446546296040585,53355136,1,
T-optimistic-all-c1,634,1790446546349401535,52449690,1,
T-optimistic-all-c1,635,1790446546401857553,55547184,1,
T-optimistic-all-c1,636,1790446546457410969,51070466,1,
T-optimistic-all-c1,637,1790446546508487038,45456075,1,
T-optimistic-all-c1,638,1790446546553948703,52996045,1,
T-optimistic-all-c1,639,1790446546606950509,49430880,1,
T-optimistic-all-c1,640,1790446546656387391,52572135,1,
T-optimistic-all-c1,641,1790446546708965279,49908862,1,
T-optimistic-all-c1,642,1790446546758879824,49614061,1,
T-optimistic-all-c1,643,1790446546808499794,54080133,1,
T-optimistic-all-c1,644,1790446546862586238,51314580,1,
T-optimistic-all-c1,645,1790446546913906681,47574961,1,
T-optimistic-all-c1,646,1790446546961487916,50562068,1,
T-optimistic-all-c1,647,1790446547012055734,48054678,1,
T-optimistic-all-c1,648,1790446547060116161,52621476,1,
T-optimistic-all-c1,649,1790446547112743540,50533556,1,
T-optimistic-all-c1,650,1790446547163282971,56882650,1,
T-optimistic-all-c1,651,1790446547220170795,50972607,1,
T-optimistic-all-c1,652,1790446547271149376,52616954,1,
T-optimistic-all-c1,653,1790446547323773005,49635125,1,
T-optimistic-all-c1,654,1790446547373414105,46461116,1,
T-optimistic-all-c1,655,1790446547419881136,52060217,1,
T-optimistic-all-c1,656,1790446547471946992,50073007,1,
T-optimistic-all-c1,657,1790446547522026913,58627699,1,
T-optimistic-all-c1,658,1790446547580661025,46188580,1,
T-optimistic-all-c1,659,1790446547626855384,53142300,1,
T-optimistic-all-c1,660,1790446547680008799,49216258,1,
T-optimistic-all-c1,661,1790446547729230600,55394533,1,
T-optimistic-all-c1,662,1790446547784630126,48947194,1,
T-optimistic-all-c1,663,1790446547833582897,48743504,1,
T-optimistic-all-c1,664,1790446547882332463,53053549,1,
T-optimistic-all-c1,665,1790446547935392211,57729737,1,
T-optimistic-all-c1,666,1790446547993128605,52705179,1,
T-optimistic-all-c1,667,1790446548045839335,46100307,1,
T-optimistic-all-c1,668,1790446548091945679,60045859,1,
T-optimistic-all-c1,669,1790446548151997795,54314443,1,
T-optimistic-all-c1,670,1790446548206317944,52896766,1,
T-optimistic-all-c1,671,1790446548259221118,47742406,1,
T-optimistic-all-c1,672,1790446548306969532,55527738,1,
T-optimistic-all-c1,673,1790446548362502717,49898216,1,
T-optimistic-all-c1,674,1790446548412406701,46591830,1,
T-optimistic-all-c1,675,1790446548459004157,56341378,1,
T-optimistic-all-c1,676,1790446548515351492,53526617,1,
T-optimistic-all-c1,677,1790446548568882665,50843127,1,
T-optimistic-all-c1,678,1790446548619731335,53331899,1,
T-optimistic-all-c1,679,1790446548673067870,50740531,1,
T-optimistic-all-c1,680,1790446548723814138,52971297,1,
T-optimistic-all-c1,681,1790446548776793156,49091281,1,
T-optimistic-all-c1,682,1790446548825890910,51964765,1,
T-optimistic-all-c1,683,1790446548877861932,50087224,1,
T-optimistic-all-c1,684,1790446548927954708,48227263,1,
T-optimistic-all-c1,685,1790446548976187955,50324873,1,
T-optimistic-all-c1,686,1790446549026531640,45286857,1,
T-optimistic-all-c1,687,1790446549071824796,57183403,1,
T-optimistic-all-c1,688,1790446549129013708,51116676,1,
T-optimistic-all-c1,689,1790446549180136351,45776585,1,
T-optimistic-all-c1,690,1790446549225918855,53153465,1,
T-optimistic-all-c1,691,1790446549279078329,54969000,1,
T-optimistic-all-c1,692,1790446549334053570,45738172,1,
T-optimistic-all-c1,693,1790446549379798050,57692615,1,
T-optimistic-all-c1,694,1790446549437496485,52798750,1,
T-optimistic-all-c1,695,1790446549490301028,62702134,1,
T-optimistic-all-c1,696,1790446549553009122,43918217,1,
T-optimistic-all-c1,697,1790446549596933074,45958880,1,
T-optimistic-all-c1,698,1790446549642897981,52275734,1,
T-optimistic-all-c1,699,1790446549695179145,60032425,1,
T-optimistic-all-c1,700,1790446549755215762,49015318,1,
T-optimistic-all-c1,701,1790446549804237348,50247841,1,
T-optimistic-all-c1,702,1790446549854491000,52472098,1,
T-optimistic-all-c1,703,1790446549906968929,49662728,1,
T-optimistic-all-c1,704,1790446549956647818,48671221,1,
T-optimistic-all-c1,705,1790446550005324803,58187331,1,
T-optimistic-all-c1,706,1790446550063518499,56505951,1,
T-optimistic-all-c1,707,1790446550120029902,51904250,1,
T-optimistic-all-c1,708,1790446550171940207,48988049,1,
T-optimistic-all-c1,709,1790446550220933624,53596376,1,
T-optimistic-all-c1,710,1790446550274536031,60439198,1,
T-optimistic-all-c1,711,1790446550334980749,51606678,1,
T-optimistic-all-c1,712,1790446550386593217,48369363,1,
T-optimistic-all-c1,713,1790446550434968411,45956382,1,
T-optimistic-all-c1,714,1790446550480930786,62686287,1,
T-optimistic-all-c1,715,1790446550543622797,53851324,1,
T-optimistic-all-c1,716,1790446550597480345,54540715,1,
T-optimistic-all-c1,717,1790446550652028079,44027989,1,
T-optimistic-all-c1,718,1790446550696061836,52880617,1,
T-optimistic-all-c1,719,1790446550748948731,48615971,1,
T-optimistic-all-c1,720,1790446550797570679,51455965,1,
T-optimistic-all-c1,721,1790446550849032259,52350470,1,
T-optimistic-all-c1,722,1790446550901388833,45702425,1,
T-optimistic-all-c1,723,1790446550947097329,54165200,1,
T-optimistic-all-c1,724,1790446551001269185,54895244,1,
T-optimistic-all-c1,725,1790446551056169973,54874748,1,
T-optimistic-all-c1,726,1790446551111051057,49910735,1,
T-optimistic-all-c1,727,1790446551160968272,30863280,1,
T-optimistic-all-c1,728,1790446551191836046,26860695,1,
T-optimistic-all-c1,729,1790446551218701893,32884704,1,
T-optimistic-all-c1,730,1790446551251591732,50344298,1,
T-optimistic-all-c1,731,1790446551301942051,49868552,1,
T-optimistic-all-c1,732,1790446551351816621,46492658,1,
T-optimistic-all-c1,733,1790446551398333273,61458126,1,
T-optimistic-all-c1,734,1790446551459797191,52886841,1,
T-optimistic-all-c1,735,1790446551512688737,52243171,1,
T-optimistic-all-c1,736,1790446551564937436,53224239,1,
T-optimistic-all-c1,737,1790446551618167798,46814482,1,
T-optimistic-all-c1,738,1790446551664988181,47578970,1,
T-optimistic-all-c1,739,1790446551712572712,56284984,1,
T-optimistic-all-c1,740,1790446551768895730,49925437,1,
T-optimistic-all-c1,741,1790446551818827254,45805712,1,
T-optimistic-all-c1,742,1790446551864671142,56220955,1,
T-optimistic-all-c1,743,1790446551920898066,51975232,1,
T-optimistic-all-c1,744,1790446551972878903,51134338,1,
T-optimistic-all-c1,745,1790446552024019070,62312254,1,
T-optimistic-all-c1,746,1790446552086336184,44508370,1,
T-optimistic-all-c1,747,1790446552130850406,60074850,1,
T-optimistic-all-c1,748,1790446552190931648,49871869,1,
T-optimistic-all-c1,749,1790446552240809262,49211843,1,
T-optimistic-all-c1,750,1790446552290027224,52513416,1,
T-optimistic-all-c1,751,1790446552342546166,53849236,1,
T-optimistic-all-c1,752,1790446552396401427,53703602,1,
T-optimistic-all-c1,753,1790446552450110536,51855302,1,
T-optimistic-all-c1,754,1790446552501996192,55221541,1,
T-optimistic-all-c1,755,1790446552557223781,42966276,1,
T-optimistic-all-c1,756,1790446552600195611,52875004,1,
T-optimistic-all-c1,757,1790446552653077161,45915939,1,
T-optimistic-all-c1,758,1790446552698998997,56797289,1,
T-optimistic-all-c1,759,1790446552755802514,54054920,1,
T-optimistic-all-c1,760,1790446552809862963,52701707,1,
T-optimistic-all-c1,761,1790446552862570689,51389477,1,
T-optimistic-all-c1,762,1790446552913965924,51470848,1,
T-optimistic-all-c1,763,1790446552965442266,50402409,1,
T-optimistic-all-c1,764,1790446553015851178,51311012,1,
T-optimistic-all-c1,765,1790446553067168141,42741649,1,
T-optimistic-all-c1,766,1790446553109915795,60250043,1,
T-optimistic-all-c1,767,1790446553170171453,44670255,1,
T-optimistic-all-c1,768,1790446553214847612,48473207,1,
T-optimistic-all-c1,769,1790446553263326329,53821674,1,
T-optimistic-all-c1,770,1790446553317154329,47868670,1,
T-optimistic-all-c1,771,1790446553365028779,56372997,1,
T-optimistic-all-c1,772,1790446553421407984,51755551,1,
T-optimistic-all-c1,773,1790446553473169357,53145436,1,
T-optimistic-all-c1,774,1790446553526320817,54014224,1,
T-optimistic-all-c1,775,1790446553580350614,51664842,1,
T-optimistic-all-c1,776,1790446553632020936,47049701,1,
T-optimistic-all-c1,777,1790446553679087291,51925247,1,
T-optimistic-all-c1,778,1790446553731018801,45846073,1,
T-optimistic-all-c1,779,1790446553776870827,59014023,1,
T-optimistic-all-c1,780,1790446553835890816,49087437,1,
T-optimistic-all-c1,781,1790446553884984525,50251688,1,
T-optimistic-all-c1,782,1790446553935242509,52578699,1,
T-optimistic-all-c1,783,1790446553987828554,50361619,1,
T-optimistic-all-c1,784,1790446554038195777,49026704,1,
T-optimistic-all-c1,785,1790446554087228024,53701585,1,
T-optimistic-all-c1,786,1790446554140935579,54671299,1,
T-optimistic-all-c1,787,1790446554195612610,48019957,1,
T-optimistic-all-c1,788,1790446554243662431,53002856,1,
T-optimistic-all-c1,789,1790446554296675334,53890400,1,
T-optimistic-all-c1,790,1790446554350571483,50709355,1,
T-optimistic-all-c1,791,1790446554401286747,53000304,1,
T-optimistic-all-c1,792,1790446554454291984,51617205,1,
T-optimistic-all-c1,793,1790446554505914048,53794432,1,
T-optimistic-all-c1,794,1790446554559714300,42117105,1,
T-optimistic-all-c1,795,1790446554601837484,53139767,1,
T-optimistic-all-c1,796,1790446554654983091,53941047,1,
T-optimistic-all-c1,797,1790446554708929739,47905694,1,
T-optimistic-all-c1,798,1790446554756841151,50793953,1,
T-optimistic-all-c1,799,1790446554807653062,42199711,1,
T-optimistic-all-c1,800,1790446554849858336,57163667,1,
T-optimistic-all-c1,801,1790446554907028032,45150983,1,
T-optimistic-all-c1,802,1790446554952184647,48682839,1,
T-optimistic-all-c1,803,1790446555000873926,49777290,1,
T-optimistic-all-c1,804,1790446555050657247,49234067,1,
T-optimistic-all-c1,805,1790446555099896911,51953246,1,
T-optimistic-all-c1,806,1790446555151874374,51023809,1,
T-optimistic-all-c1,807,1790446555202903546,44760994,1,
T-optimistic-all-c1,808,1790446555247670400,53037685,1,
T-optimistic-all-c1,809,1790446555300713828,52025341,1,
T-optimistic-all-c1,810,1790446555352745361,43968133,1,
T-optimistic-all-c1,811,1790446555396719628,51982129,1,
T-optimistic-all-c1,812,1790446555448707251,48895701,1,
T-optimistic-all-c1,813,1790446555497608449,49678793,1,
T-optimistic-all-c1,814,1790446555547293676,50418994,1,
T-optimistic-all-c1,815,1790446555597718707,51137281,1,
T-optimistic-all-c1,816,1790446555648861477,53039077,1,
T-optimistic-all-c1,817,1790446555701906564,47146742,1,
T-optimistic-all-c1,818,1790446555749059231,47598295,1,
T-optimistic-all-c1,819,1790446555796663346,46475140,1,
T-optimistic-all-c1,820,1790446555843144238,57907983,1,
T-optimistic-all-c1,821,1790446555901058089,47365484,1,
T-optimistic-all-c1,822,1790446555948429448,30752621,1,
T-optimistic-all-c1,823,1790446555979188056,30845275,1,
T-optimistic-all-c1,824,1790446556010039078,46169588,1,
T-optimistic-all-c1,825,1790446556056214399,54028317,1,
T-optimistic-all-c1,826,1790446556110249930,43365367,1,
T-optimistic-all-c1,827,1790446556153621056,53280851,1,
T-optimistic-all-c1,828,1790446556206907458,50791375,1,
T-optimistic-all-c1,829,1790446556257704385,55419823,1,
T-optimistic-all-c1,830,1790446556313130193,53237677,1,
T-optimistic-all-c1,831,1790446556366373611,48010629,1,
T-optimistic-all-c1,832,1790446556414390670,44374305,1,
T-optimistic-all-c1,833,1790446556458770945,58279072,1,
T-optimistic-all-c1,834,1790446556517057065,53092141,1,
T-optimistic-all-c1,835,1790446556570155221,58244906,1,
T-optimistic-all-c1,836,1790446556628405767,47354457,1,
T-optimistic-all-c1,837,1790446556675766477,50288776,1,
T-optimistic-all-c1,838,1790446556726061183,51064068,1,
T-optimistic-all-c1,839,1790446556777131105,54140966,1,
T-optimistic-all-c1,840,1790446556831277257,48632426,1,
T-optimistic-all-c1,841,1790446556879915632,51619039,1,
T-optimistic-all-c1,842,1790446556931539244,50295667,1,
T-optimistic-all-c1,843,1790446556981840853,49699297,1,
T-optimistic-all-c1,844,1790446557031546045,44378875,1,
T-optimistic-all-c1,845,1790446557075930882,58549764,1,
T-optimistic-all-c1,846,1790446557134486486,52842826,1,
T-optimistic-all-c1,847,1790446557187334908,50752349,1,
T-optimistic-all-c1,848,1790446557238093244,47109533,1,
T-optimistic-all-c1,849,1790446557285208774,58909619,1,
T-optimistic-all-c1,850,1790446557344124133,52566273,1,
T-optimistic-all-c1,851,1790446557396696880,53495721,1,
T-optimistic-all-c1,852,1790446557450198959,51195630,1,
T-optimistic-all-c1,853,1790446557501400678,49980303,1,
T-optimistic-all-c1,854,1790446557551386709,54422865,1,
T-optimistic-all-c1,855,1790446557605815129,47818194,1,
T-optimistic-all-c1,856,1790446557653649225,56311071,1,
T-optimistic-all-c1,857,1790446557709965995,49060234,1,
T-optimistic-all-c1,858,1790446557759031837,45287035,1,
T-optimistic-all-c1,859,1790446557804325043,56994234,1,
T-optimistic-all-c1,860,1790446557861326331,50039194,1,
T-optimistic-all-c1,861,1790446557911371234,57950300,1,
T-optimistic-all-c1,862,1790446557969327630,47972160,1,
T-optimistic-all-c1,863,1790446558017305145,53598815,1,
T-optimistic-all-c1,864,1790446558070909826,54952046,1,
T-optimistic-all-c1,865,1790446558125867300,49988503,1,
T-optimistic-all-c1,866,1790446558175861574,47245193,1,
T-optimistic-all-c1,867,1790446558223112707,55967800,1,
T-optimistic-all-c1,868,1790446558279086083,51978481,1,
T-optimistic-all-c1,869,1790446558331070807,56732140,1,
T-optimistic-all-c1,870,1790446558387808455,53004524,1,
T-optimistic-all-c1,871,1790446558440819662,52529738,1,
T-optimistic-all-c1,872,1790446558493366029,50711624,1,
T-optimistic-all-c1,873,1790446558544083381,49736563,1,
T-optimistic-all-c1,874,1790446558593825863,47401300,1,
T-optimistic-all-c1,875,1790446558641232892,46467711,1,
T-optimistic-all-c1,876,1790446558687706649,55185757,1,
T-optimistic-all-c1,877,1790446558742898421,47017364,1,
T-optimistic-all-c1,878,1790446558789921896,51574747,1,
T-optimistic-all-c1,879,1790446558841515816,53302207,1,
T-optimistic-all-c1,880,1790446558894824082,52335234,1,
T-optimistic-all-c1,881,1790446558947165054,47966165,1,
T-optimistic-all-c1,882,1790446558995137260,55142601,1,
T-optimistic-all-c1,883,1790446559050287033,47740577,1,
T-optimistic-all-c1,884,1790446559098033207,49234173,1,
T-optimistic-all-c1,885,1790446559147273602,46641184,1,
T-optimistic-all-c1,886,1790446559193921391,51149637,1,
T-optimistic-all-c1,887,1790446559245077160,50857171,1,
T-optimistic-all-c1,888,1790446559295940225,50041009,1,
T-optimistic-all-c1,889,1790446559345987363,48056855,1,
T-optimistic-all-c1,890,1790446559394049962,48703967,1,
T-optimistic-all-c1,891,1790446559442761212,47192430,1,
T-optimistic-all-c1,892,1790446559489959408,43923829,1,
T-optimistic-all-c1,893,1790446559533888838,53735709,1,
T-optimistic-all-c1,894,1790446559587630856,51735083,1,
T-optimistic-all-c1,895,1790446559639371724,46685014,1,
T-optimistic-all-c1,896,1790446559686062826,49291948,1,
T-optimistic-all-c1,897,1790446559735360688,55636304,1,
T-optimistic-all-c1,898,1790446559791002644,48315238,1,
T-optimistic-all-c1,899,1790446559839323802,53591514,1,
T-optimistic-all-c1,900,1790446559892920681,44855706,1,
T-optimistic-all-c1,901,1790446559937782467,54249928,1,
T-optimistic-all-c1,902,1790446559992038961,48939636,1,
T-optimistic-all-c1,903,1790446560040997853,56857864,1,
T-optimistic-all-c1,904,1790446560097861399,52184076,1,
T-optimistic-all-c1,905,1790446560150051665,47801019,1,
T-optimistic-all-c1,906,1790446560197858707,61757058,1,
T-optimistic-all-c1,907,1790446560259621117,58520592,1,
T-optimistic-all-c1,908,1790446560318147032,47802218,1,
T-optimistic-all-c1,909,1790446560365955582,44571650,1,
T-optimistic-all-c1,910,1790446560410546328,54029290,1,
T-optimistic-all-c1,911,1790446560464582127,46286091,1,
T-optimistic-all-c1,912,1790446560510873852,49593659,1,
T-optimistic-all-c1,913,1790446560560473500,55378526,1,
T-optimistic-all-c1,914,1790446560615858245,45072891,1,
T-optimistic-all-c1,915,1790446560660936713,51307496,1,
T-optimistic-all-c1,916,1790446560712249833,47847840,1,
T-optimistic-all-c1,917,1790446560760103238,48785897,1,
T-optimistic-all-c1,918,1790446560808895873,49052337,1,
T-optimistic-all-c1,919,1790446560857954978,51027695,1,
T-optimistic-all-c1,920,1790446560908988970,58664910,1,
T-optimistic-all-c1,921,1790446560967660110,51334310,1,
T-optimistic-all-c1,922,1790446561018999618,43959925,1,
T-optimistic-all-c1,923,1790446561062965040,50885968,1,
T-optimistic-all-c1,924,1790446561113856915,55089976,1,
T-optimistic-all-c1,925,1790446561168953358,48295227,1,
T-optimistic-all-c1,926,1790446561217254814,49305179,1,
T-optimistic-all-c1,927,1790446561266566516,48481756,1,
T-optimistic-all-c1,928,1790446561315054522,51956754,1,
T-optimistic-all-c1,929,1790446561367017037,59033602,1,
T-optimistic-all-c1,930,1790446561426057141,46274098,1,
T-optimistic-all-c1,931,1790446561472336829,42919350,1,
T-optimistic-all-c1,932,1790446561515261848,54679098,1,
T-optimistic-all-c1,933,1790446561569946484,57020401,1,
T-optimistic-all-c1,934,1790446561626973031,53505296,1,
T-optimistic-all-c1,935,1790446561680483231,47381413,1,
T-optimistic-all-c1,936,1790446561727870852,45015766,1,
T-optimistic-all-c1,937,1790446561772892523,48885085,1,
T-optimistic-all-c1,938,1790446561821783891,51909623,1,
T-optimistic-all-c1,939,1790446561873699508,53871809,1,
T-optimistic-all-c1,940,1790446561927577435,49359812,1,
T-optimistic-all-c1,941,1790446561976942509,50022181,1,
T-optimistic-all-c1,942,1790446562026970807,48951253,1,
T-optimistic-all-c1,943,1790446562075927928,52093988,1,
T-optimistic-all-c1,944,1790446562128028453,49289167,1,
T-optimistic-all-c1,945,1790446562177323512,51058453,1,
T-optimistic-all-c1,946,1790446562228398745,46197234,1,
T-optimistic-all-c1,947,1790446562274602390,50088666,1,
T-optimistic-all-c1,948,1790446562324697478,50588670,1,
T-optimistic-all-c1,949,1790446562375291865,48478658,1,
T-optimistic-all-c1,950,1790446562423776706,49156188,1,
T-optimistic-all-c1,951,1790446562472938745,51927977,1,
T-optimistic-all-c1,952,1790446562524904026,47255808,1,
T-optimistic-all-c1,953,1790446562572165470,51848149,1,
T-optimistic-all-c1,954,1790446562624019590,48702904,1,
T-optimistic-all-c1,955,1790446562672728899,41358013,1,
T-optimistic-all-c1,956,1790446562714092965,55414878,1,
T-optimistic-all-c1,957,1790446562769513584,46459530,1,
T-optimistic-all-c1,958,1790446562815978904,45900951,1,
T-optimistic-all-c1,959,1790446562861885641,46028341,1,
T-optimistic-all-c1,960,1790446562907919720,49872020,1,
T-optimistic-all-c1,961,1790446562957797610,49583496,1,
T-optimistic-all-c1,962,1790446563007386863,42759725,1,
T-optimistic-all-c1,963,1790446563050164417,53448365,1,
T-optimistic-all-c1,964,1790446563103619116,48614192,1,
T-optimistic-all-c1,965,1790446563152238758,48061636,1,
T-optimistic-all-c1,966,1790446563200305630,40052117,1,
T-optimistic-all-c1,967,1790446563240363548,47151048,1,
T-optimistic-all-c1,968,1790446563287520121,56426923,1,
T-optimistic-all-c1,969,1790446563343953592,46028034,1,
T-optimistic-all-c1,970,1790446563389987275,48989798,1,
T-optimistic-all-c1,971,1790446563438982889,48049939,1,
T-optimistic-all-c1,972,1790446563487037959,50957630,1,
T-optimistic-all-c1,973,1790446563538000855,48873099,1,
T-optimistic-all-c1,974,1790446563586880184,46320143,1,
T-optimistic-all-c1,975,1790446563633206184,47696468,1,
T-optimistic-all-c1,976,1790446563680908884,59151676,1,
T-optimistic-all-c1,977,1790446563740066631,48436140,1,
T-optimistic-all-c1,978,1790446563788508129,47102422,1,
T-optimistic-all-c1,979,1790446563835616095,47938057,1,
T-optimistic-all-c1,980,1790446563883559818,53406281,1,
T-optimistic-all-c1,981,1790446563936971828,51051472,1,
T-optimistic-all-c1,982,1790446563988028837,49887718,1,
T-optimistic-all-c1,983,1790446564037922686,51935446,1,
T-optimistic-all-c1,984,1790446564089876535,51438782,1,
T-optimistic-all-c1,985,1790446564141320750,50661837,1,
T-optimistic-all-c1,986,1790446564191988348,53627996,1,
T-optimistic-all-c1,987,1790446564245677578,43743858,1,
T-optimistic-all-c1,988,1790446564289427779,54690039,1,
T-optimistic-all-c1,989,1790446564344123401,52805408,1,
T-optimistic-all-c1,990,1790446564396934815,53326067,1,
T-optimistic-all-c1,991,1790446564450266628,52636275,1,
T-optimistic-all-c1,992,1790446564502908941,51261310,1,
T-optimistic-all-c1,993,1790446564554176228,51680375,1,
T-optimistic-all-c1,994,1790446564605862159,50232115,1,
T-optimistic-all-c1,995,1790446564656099922,47124708,1,
T-optimistic-all-c1,996,1790446564703230161,51209772,1,
T-optimistic-all-c1,997,1790446564754445953,48841291,1,
T-optimistic-all-c1,998,1790446564803292928,48814713,1,
T-optimistic-all-c1,999,1790446564852113706,47421739,1,
T-optimistic-all-c1,1000,1790446564899540785,50049950,1,
